tte_svm_rear_20170831_071541538433.mp4_00031.jpg
12
10 1179 347 1279 447 
10 1072 318 1192 405 
10 953 308 1033 357 
10 855 297 933 334 
4 679 287 718 310 
1 208 263 275 425 
1 339 268 380 362 
1 384 271 416 341 
1 475 267 501 329 
2 569 276 593 328 
1 524 277 538 313 
1 534 276 549 314 
tte_svm_rear_20170831_071542530984.mp4_03961.jpg
4
6 949 218 1279 528 
5 717 269 817 325 
4 631 286 662 307 
4 686 286 721 308 
tte_svm_rear_20170831_071543510795.mp4_08731.jpg
5
4 533 273 704 367 
2 479 274 530 321 
3 1032 302 1181 446 
3 1184 368 1279 461 
1 1167 345 1206 410 
tte_svm_rear_20170831_071544734691.mp4_01771.jpg
2
6 666 257 754 315 
10 908 251 1263 398 
tte_svm_rear_20170831_071544796250.mp4_04681.jpg
2
1 532 272 556 321 
10 1136 338 1219 375 
tte_svm_rear_20170831_071545140332.mp4_08191.jpg
4
10 0 332.5 141.67 418.32999 
6 201.67 251.67 340.82999 335 
6 321.67001 256.67001 519.16998 323.32999 
4 566.66998 277.5 657.5 337.5 
tte_svm_rear_20170831_07154562419.mp4_00751.jpg
4
4 577 282 659 332 
10 358 295 473 329 
4 646 288 686 305 
19 704 217 998 363 
tte_svm_rear_20170831_071545776248.mp4_03631.jpg
4
1 981 299.17001 1010.17 359.17001 
1 1111.83 317.5 1170.17 410 
1 1096 320 1130.17 383.32999 
1 936 292.5 968.5 355 
tte_svm_rear_20170831_07154823877.mp4_00871.jpg
5
4 170 305 300 359 
4 318 281 429 323 
4 406 270 500 303 
4 803 268 918 310 
1 936 277 948 311 
tte_svm_rear_20170831_071550821405.mp4_05461.jpg
1
8 664 260 739 312 
tte_svm_rear_20170831_071552554807.mp4_07921.jpg
5
3 540 278 572 326 
1 1039 307 1071 373 
1 1079 308 1107 374 
1 1098 300 1116 378 
4 680 288 714 303 
tte_svm_rear_20170831_071554912012.mp4_08971.jpg
9
4 8.25 314.60999 198.64 405.45999 
4 235.10001 290.29999 339.26001 331.97 
6 575.95001 266.57001 632.66998 315.76001 
4 630.92999 289.14001 649.45001 301.29999 
4 668.54999 287.41 689.38 300.72 
4 716 283.35999 846.21002 344.70001 
10 380.92999 287.98999 447.48001 312.29001 
10 455 288.56 496.67001 304.76999 
10 498.41 285.09 522.71002 300.72 
tte_svm_rear_20170831_071558281933.mp4_06271.jpg
4
5 785.37 288.48001 831.08002 310.47 
6 136.17 288 376.91 371.32999 
10 0 360.91 59.779999 415.89001 
4 569.03998 284.51999 609.54999 299.57001 
tte_svm_rear_20170831_071600308392.mp4_00631.jpg
4
4 886 274 1239 461 
4 796 293 906 341 
4 125 309 244 404 
4 745 291 780 313 
tte_svm_rear_20170831_071608750890.mp4_00451.jpg
4
6 593.85999 267.53 623.71997 297.39001 
1 903.58002 293.22 932.06 338.35999 
1 941.08002 293.92001 968.85999 347.39001 
1 814 284.19 830.66998 319.60999 
tte_svm_rear_20170831_071617211649.mp4_03421.jpg
5
1 338 294 371 368 
1 367 287 408 375 
1 414 281 451 358 
1 847 284 867 340 
4 1065 324 1086 343 
tte_svm_rear_20170831_071641933812.mp4_06331.jpg
14
11 1133 338 1188 402 
1 1228 349 1272 426 
1 1219 351 1251 408 
5 812.5 282 895 321.17001 
1 869.16998 292 880.83002 325.32999 
1 1003.28 306.72 1015.78 333.10999 
1 990.08002 303.94 996.33002 324.78 
1 751.89001 286.57999 760.21997 306.72 
4 35.639999 370.28 118.97 423.06 
4 93.970001 350.82999 148.14 389.72 
10 137.72 343.19 171.06 362.64001 
4 180.08 335.56 225.92 359.85999 
1 255.08 317.5 273.14001 352.92001 
10 262.72 313.32999 305.78 334.85999 
tte_svm_rear_20170831_071734238321.mp4_00031.jpg
1
6 486 110 899 416 
tte_svm_rear_20170831_071800842218.mp4_03481.jpg
4
1 30 323 89 442 
13 630 280 651 302 
10 906 308 1010 344 
10 1250 382 1279 416 
tte_svm_rear_20170831_072045618242.mp4_06421.jpg
2
8 723 158 1111 415 
4 619 288 657 311 
tte_svm_rear_20170831_072046478594.mp4_03181.jpg
11
1 532 185 656 480 
4 581 271 752 372 
1 790 278 812 323 
1 810 285 827 325 
1 926 293 959 357 
3 832 288 864 331 
1 950 306 977 358 
1 971 299 1010 369 
1 1072 308 1175 450 
4 1060 331 1118 355 
4 1156 350 1235 396 
tte_svm_rear_20170831_072047481755.mp4_05161.jpg
2
13 290 285 389 338 
4 632 281 678 313 
tte_svm_rear_20170831_072049151737.mp4_02641.jpg
3
13 973 309 1098 378 
1 1091 330 1135 392 
10 1199 357 1279 408 
tte_svm_rear_20170831_072051270351.mp4_06571.jpg
6
5 109 243 256 403 
4 541 288 590 312 
4 694 287 760 313 
4 835 296 935 328 
10 1023 308 1142 372 
10 1185 361 1279 418 
tte_svm_rear_20170831_072053871619.mp4_00391.jpg
4
10 1035 306 1202 401 
4 404 259 585 364 
1 288 205 494 520 
11 118 339 176 377 
tte_svm_rear_20170831_072057939933.mp4_08581.jpg
1
10 1021 268 1279 392 
tte_svm_rear_20170831_072103968529.mp4_03451.jpg
13
9 177 354 222 414 
1 202 284 266 409 
10 0 343.79999 63.799999 401.39999 
10 159 309 253 349 
10 217 301 303 335 
4 273 284 436 362 
4 412 286 480 327 
4 485 284 521 307 
7 565 251 632 321 
4 802 292 930 335 
1 1094 322 1120 372 
4 738 289 800 315 
4 692 288 748 308 
tte_svm_rear_20170831_072117362518.mp4_06121.jpg
3
4 737 285 928 370 
4 627 285 660 306 
4 570 285 610 310 
tte_svm_rear_20170831_07214214589.mp4_04261.jpg
3
1 735 260 776 349 
4 414 276 608 332 
10 113 292 355 378 
tte_svm_rear_20170831_072151546260.mp4_02851.jpg
2
11 1031.36 316.44 1139 403.94 
7 215.33 219.92 513.25 388.67001 
tte_svm_rear_20170831_072237870586.mp4_05671.jpg
3
6 689 213 893 334 
9 136 332 179 391 
8 639.03003 278.95001 662.17999 299.79001 
tte_svm_rear_20170831_072336553158.mp4_05281.jpg
2
4 453.57999 289.35999 498.03 305.32999 
4 632.06 286.57999 656.35999 303.94 
tte_svm_rear_20170831_072504858700.mp4_03421.jpg
1
10 1052 339 1262 433 
tte_svm_rear_20170831_072548533147.mp4_00211.jpg
8
4 39 291 273 416 
11 753.58002 272.69 811.91998 319.92001 
11 848.03003 281.03 909.83002 318.53 
4 789.69 266.44 860.53003 292.82999 
4 911.91998 278.94 966.08002 300.47 
4 979.96997 288.67001 1043.17 314.35999 
10 1033.4399 294.92001 1069.5601 317.14001 
10 1095.25 306.03 1131.36 337.97 
tte_svm_rear_20170831_072549429886.mp4_08191.jpg
7
1 1194.83 331.32999 1255.67 442.17001 
1 1019.83 292.17001 1055.67 359.67001 
1 969.83002 293.82999 991.5 341.32999 
6 724 266.32999 847.33002 333 
4 243.19 305.03 317.5 327.94 
4 515.41998 280.03 572.35999 304.32999 
4 632.78003 285.57999 650.83002 296.69 
tte_svm_rear_20170831_072550560877.mp4_06751.jpg
2
17 897.16998 285.32999 966.33002 332 
4 136.33 310.17001 222.17 347.67001 
tte_svm_rear_20170831_072551465053.mp4_02581.jpg
7
19 1003 289 1279 481 
4 860 301 982 347 
4 796 294 871 325 
4 650 282 688 310 
1 238 293 263 339 
1 446.70001 279.89999 460.59 311.14999 
1 249.94 286.85001 277.72 338.35001 
tte_svm_rear_20170831_072554292263.mp4_01531.jpg
2
8 0 33 393.79999 523.79999 
4 667.5 286.17001 700.83002 305.32999 
tte_svm_rear_20170831_072557987610.mp4_00481.jpg
3
4 793 283 1084 414 
4 582.75 285.89001 601.5 295.60999 
4 664 286.57999 681.35999 297.69 
tte_svm_rear_20170831_072607183949.mp4_01711.jpg
5
2 61 321 101 401 
2 197 290 281 375 
10 1222.5 373.5 1279 400.17001 
4 263.04001 301.09 325.25 321.34 
4 310.78 295.78 368.64999 314.10999 
tte_svm_rear_20170831_072619906299.mp4_01591.jpg
3
1 268 281 292 346 
3 619.56 284.5 629.96997 308.81 
10 761.21997 287.97 801.5 310.19 
tte_svm_rear_20170831_072623295355.mp4_07981.jpg
4
1 93 262 241 484 
5 424 269 531 339 
4 608 285 654 313 
1 835 281 850 331 
tte_svm_rear_20170831_07274049879.mp4_06871.jpg
7
1 78 321 105 380 
2 118 312 181 362 
4 207 281 497 409 
4 885 300 1212 444 
4 787 289 857 317 
8 573 273 609 299 
4 681.35999 289.35999 709.14001 300.47 
tte_svm_rear_20170831_07292425300.mp4_01231.jpg
2
6 244 222 441 343 
6 532 246 602 309 
tte_svm_rear_20170831_073050643789.mp4_00031.jpg
6
4 502 287 562 312 
1 446 283 458 311 
1 457 282 469 308 
4 720.94 290.75 750.10999 305.32999 
1 982.06 306.72 997.33002 342.82999 
1 1000.11 310.89001 1014.69 345.60999 
tte_svm_rear_20170831_073052289183.mp4_01561.jpg
5
4 27 305 274 431 
4 596 282 672 330 
1 1104.17 320.82999 1155.83 403.32999 
1 1199.17 355.82999 1240 426.67001 
1 1202.5 345.82999 1272.5 470 
tte_svm_rear_20170831_073052312833.mp4_04231.jpg
4
7 112 234 357 389 
5 978 295 1227 424 
4 850 305 976 346 
4 792 297 855 320 
tte_svm_rear_20170831_073052670561.mp4_02881.jpg
8
4 19.4 273 480.20001 543 
4 785 293 904 334 
6 693 273 762 313 
4 592 286 625 303 
4 481 287 541 304 
1 1018 312 1044 368 
1 992 309 1006 356 
1 966 305 983 345 
tte_svm_rear_20170831_073054538164.mp4_05971.jpg
3
2 170 282 328 444 
3 256 278 423 398 
1 120 315 158 382 
tte_svm_rear_20170831_073101850673.mp4_02341.jpg
1
5 564 279 607 313 
tte_svm_rear_20170831_073107663011.mp4_05941.jpg
2
4 719 288 781 316 
4 600 284 631 298 
tte_svm_rear_20170831_073117418672.mp4_07561.jpg
7
1 374 261 444 407 
1 842 252 937 446 
6 793 261 1134 452 
1 680 275 703 331 
1 708 280 727 332 
10 720 287 784 328 
1 591 283 612 321 
tte_svm_rear_20170831_073151678196.mp4_01621.jpg
5
9 263 307 319 377 
11 452 290 512 322 
3 573 279 600 327 
4 620 284 666 313 
1 1033 328 1054 367 
tte_svm_rear_20170831_073217542821.mp4_04321.jpg
0
1 1033 328 1054 367 
tte_svm_rear_20170831_073555499288.mp4_08341.jpg
5
3 337 281 403 365 
2 520 269 570 363 
10 37 255 313 375 
10 1217 385 1279 428 
10 960 311 1127 377 
tte_svm_rear_20170831_073556632110.mp4_06421.jpg
11
14 1008 328 1255 435 
10 992.03998 313.10001 1145.97 373.28 
4 916.22998 299.79001 1002.45 340.29999 
10 831.73999 298.63 904.65002 323.51001 
7 755.92999 281.85001 811.47998 315.41 
3 610.66998 281.85001 623.97998 306.14999 
12 45.220001 347.20999 97.309998 416.07001 
12 63.740002 332.16 154.60001 391.76999 
4 235.03999 291.64999 374.5 342 
5 325.31 274.87 435.26999 326.38 
4 448 286.44 529.02002 308.44 
tte_svm_rear_20170831_073556919444.mp4_03901.jpg
5
4 643 288 692 317 
3 585 280 606 319 
3 531 280 549 317 
1 1146 335 1180 404 
1 307 281 344 374 
tte_svm_rear_20170831_073557448882.mp4_03121.jpg
3
13 552 282 581 318 
4 670 287 712 310 
4 735 285 939 367 
tte_svm_rear_20170831_073558300441.mp4_05521.jpg
5
12 349 295 409 335 
12 456 292 487 319 
3 596 281 625 325 
4 752 289 809 313 
10 946 270 1279 421 
tte_svm_rear_20170831_07360092486.mp4_07771.jpg
7
10 895.94 283.10999 1070.25 353.25 
4 738.31 285.89001 914 363.67001 
4 627.19 285.89001 661.21997 308.81 
4 677.89001 287.28 709.83002 304.64001 
4 582.75 285.89001 616.78003 304.64001 
4 145.97 316.81 244.58 383.47 
4 267.5 286.25 405 343.89001 
tte_svm_rear_20170831_073612845121.mp4_00781.jpg
8
10 1162 330 1279 423.60001 
10 0 336.95999 151.03999 518.40002 
4 604.16998 282.32999 670.83002 324 
4 718.33002 287.32999 746.66998 299.82999 
3 804.16998 289.82999 838.33002 319.82999 
1 275.82999 283.17001 303.32999 347.32999 
1 322.5 279 345.82999 334.82999 
9 155.83 315.67001 186.67 364 
tte_svm_rear_20170831_073620366812.mp4_02701.jpg
0
9 155.83 315.67001 186.67 364 
tte_svm_rear_20170831_073705238038.mp4_02941.jpg
2
4 558.59003 281.85001 601.40997 305 
4 640.76001 285.32001 673.16998 304.42001 
tte_svm_rear_20170831_073729848089.mp4_01861.jpg
11
9 42.25 344.82999 74.080002 391.70001 
1 132.53 297.38 168.41 376.66 
10 34.73 321.67999 158.57001 388.81 
10 130.8 307.20999 237.86 351.19 
9 229.17999 308.95001 253.48 340.78 
1 403.94 278.85999 418.41 322.26001 
8 643.35999 274.22 687.34003 296.79001 
5 907.08002 299.13 991.57001 330.95999 
5 1029.1899 315.91 1139.14 362.79001 
5 1192.96 344.85001 1251.41 407.35001 
10 782.75 293.53 828.58002 307.42001 
tte_svm_rear_20170831_073729848089.mp4_07351.jpg
6
10 1024 320 1206 404 
10 981 316 1053 340 
1 803 281 831 334 
4 615 283 652 308 
1 358.17001 285.19 388.26001 345.95001 
4 521.37 282.87 577.5 307.17999 
tte_svm_rear_20170831_07381226671.mp4_06991.jpg
6
13 0 348.39001 157.97 487.97 
5 128.11 315.06 188.53 358.10999 
10 183.67 312.28 246.17 344.22 
10 237.83 299.07999 302.42001 328.25 
10 288.53 300.47 337.82999 321.31 
10 330.19 295.60999 390.60999 314.35999 
tte_svm_rear_20170831_073845677209.mp4_01471.jpg
1
4 0 251.39999 401 509.39999 
tte_svm_rear_20170831_07393015953.mp4_03481.jpg
2
14 402.92001 277.22 525.02002 326.98999 
4 599.09998 284.16 626.29999 301.51999 
tte_svm_rear_20170831_074056505109.mp4_00391.jpg
5
4 783.44 290.06 838.31 306.72 
6 335.14001 267.81 454.57999 328.92001 
4 444.85999 280.31 526.81 312.25 
4 626.10999 285.85999 651.10999 303.22 
10 528.10999 285.17999 561.66998 301.38 
tte_svm_rear_20170831_074057183149.mp4_00391.jpg
4
4 0 243 492.20001 559.79999 
10 447.79999 285 572.59998 342.60001 
1 745.40002 279 807.79999 396.60001 
10 685.40002 263.39999 931.40002 376.20001 
tte_svm_rear_20170831_074057674597.mp4_06781.jpg
6
4 17 261 524 544 
1 599 268 634 349 
4 470 280 577 338 
1 970 299.5 990 355.32999 
1 979.16998 291.17001 1005 354.5 
1 883.33002 272.82999 920.83002 352.82999 
tte_svm_rear_20170831_074058310401.mp4_05941.jpg
3
4 621.09003 278.38 797.01001 360.54999 
1 816.69 287.06 830.58002 321.20001 
4 903.5 303.84 1075.95 362.29001 
tte_svm_rear_20170831_074059166691.mp4_06271.jpg
1
1 384.82999 282.42001 413.31 330.32999 
tte_svm_rear_20170831_074059539105.mp4_03271.jpg
2
14 690.53003 285.32001 742.03998 311.94 
4 624.56 285.32001 655.81 305 
tte_svm_rear_20170831_074100366879.mp4_05941.jpg
4
5 909.65997 302.69 959.09003 323.59 
4 649.25 287.42001 683 305.10001 
4 627.95001 287.01999 645.22998 298.67001 
6 599.82001 276.17001 620.71002 297.87 
tte_svm_rear_20170831_074103169263.mp4_05191.jpg
4
4 555.66998 278.94 684.83002 356.72 
10 1128.33 329.32999 1279 432.67001 
10 870 292.67001 1031.67 357.67001 
1 460 284.32999 477.5 330.17001 
tte_svm_rear_20170831_074103938894.mp4_08101.jpg
2
4 597.33002 284.5 620.94 301.85999 
4 645.25 286.57999 667.46997 299.78 
tte_svm_rear_20170831_074123478703.mp4_01111.jpg
7
4 626.66998 285.32999 687.5 324.5 
1 400 278.67001 435 346.17001 
1 459.17001 277 484.17001 330.32999 
1 1040 322 1070.83 375.32999 
1 891.34003 302.67999 908.70001 339.14001 
4 39.279999 332.03 138.81 389.89999 
1 254.56 295.57001 302.01001 381.79999 
tte_svm_rear_20170831_074129445834.mp4_06721.jpg
3
4 955 309 1100 359 
4 621.09003 284.16 669.70001 304.42001 
4 662.17999 284.16 704.41998 301.51999 
tte_svm_rear_20170831_074142821884.mp4_03211.jpg
2
4 336 287 441 343 
4 491 285 547 311 
tte_svm_rear_20170831_074158722174.mp4_05641.jpg
4
10 999 335 1279 467 
17 393.85999 264.35999 493.17001 335.89001 
4 548.71997 287.28 587.60999 306.72 
3 612.60999 283.81 630.66998 317.14001 
tte_svm_rear_20170831_074208619931.mp4_03331.jpg
4
10 1124 343 1279 450 
4 787 278 1164 482 
4 558 283 600 306 
4 630 282 659 306 
tte_svm_rear_20170831_074234993745.mp4_01171.jpg
12
1 4.4899998 330.42999 57.060001 433.63 
1 43.560001 314.03 83.580002 411.92999 
1 63.810001 306.79999 133.74001 412.41 
1 88.410004 313.54999 118.31 380.57999 
9 172.32001 307.76001 209.92999 356.47 
9 241.28 290.88 261.04999 338.14001 
9 259.60999 289.92001 278.89999 337.17999 
1 287.09 289.44 314.10001 338.14001 
1 302.53 284.13 319.89001 328.01999 
1 319.89001 287.98999 336.28 325.12 
1 352.20001 282.67999 366.17999 321.75 
1 366.17999 284.60999 380.64999 315.95999 
tte_svm_rear_20170831_074240689531.mp4_04231.jpg
8
1 963 289 1044 420 
4 1191.08 360.89001 1255.67 403.94 
4 1132.0601 348.39001 1163.3101 367.14001 
4 1085.53 337.28 1121.64 358.81 
12 845.94 304.64001 901.5 332.42001 
4 619.56 285.19 737.60999 319.22 
4 223.33 282.67001 435 390.17001 
10 391.67001 281 467.5 331 
tte_svm_rear_20170831_074315873766.mp4_00961.jpg
1
10 43.330002 314.67001 199.17 405.5 
tte_svm_rear_20170831_074345446245.mp4_05521.jpg
4
1 463 265 500 349 
3 621 278 639 312 
7 550 256 606 305 
6 0 71.120003 544.91998 498.79999 
tte_svm_rear_20170831_074559716451.mp4_04981.jpg
10
4 777 284 1088 447 
4 628.60999 281.26999 665.07001 309.04999 
3 561.47998 287.63 589.84003 306.73001 
3 517.5 286.48001 554.53998 311.94 
3 461.94 291.10999 479.88 315.98999 
1 399.44 286.48001 424.91 329.88 
11 399.92001 300.78 419.59 330.29999 
10 196.21001 308.31 276.64999 338.98001 
7 261.60999 282.26001 351.31 322.76999 
2 236.72 300.78 262.19 342.45001 
tte_svm_rear_20170831_074601291031.mp4_07471.jpg
5
10 925.83002 313.67001 1275.83 472 
4 536.66998 271.17001 759.16998 390.32999 
10 0 306.5 211.67 448.17001 
5 147.5 258.17001 493.32999 447.32999 
4 479.17001 281.5 565 330.67001 
tte_svm_rear_20170831_07460216299.mp4_04171.jpg
3
4 594.56 280.32999 670.25 327.56 
13 143.5 316.64001 265.72 379.82999 
1 27.530001 364.56 58.779999 413.85999 
tte_svm_rear_20170831_074603512061.mp4_03361.jpg
2
10 748.33002 219.5 973.33002 332.82999 
10 935.83002 295.32999 1101.67 359.5 
tte_svm_rear_20170831_074604174535.mp4_07771.jpg
0
10 935.83002 295.32999 1101.67 359.5 
tte_svm_rear_20170831_074616504401.mp4_02011.jpg
2
10 912 295 1076 357 
10 841 294 888 307 
tte_svm_rear_20170831_074632494659.mp4_05821.jpg
6
6 610 253 674 316 
4 883 290 1133 395 
10 137 311 194 351 
10 262 295 336 325 
10 368 283 433 310 
10 7.4000001 336.60001 110.6 396.60001 
tte_svm_rear_20170831_074657120085.mp4_01441.jpg
1
2 521 281 548 328 
tte_svm_rear_20170831_074701701562.mp4_03781.jpg
8
1 67 343 124 450 
1 99 280 203 468 
5 231 270 518 385 
1 1005.67 291.82999 1052.33 374.32999 
1 914.83002 283.5 947.33002 347.67001 
1 757.33002 280.17001 775.66998 323.5 
4 655.66998 285.17001 693.16998 309.32999 
3 608.16998 273.5 635.66998 321.82999 
tte_svm_rear_20170831_074701701562.mp4_08941.jpg
8
8 90 284 179 352 
13 269 282 442 355 
1 207 296 225 333 
1 667 276 696 328 
1 792 284 811 336 
5 809 287 909 345 
1 1012 289 1088 408 
11 1143 360 1199 454 
tte_svm_rear_20170831_074735775928.mp4_02551.jpg
5
4 532 287 580 310 
13 870 290 1002 377 
1 1131 331 1154 383 
4 759 295 817 317 
10 734 294 772 307 
tte_svm_rear_20170831_07474655285.mp4_03001.jpg
2
1 694 256 734 359 
1 793 275 847 368 
tte_svm_rear_20170831_074826199213.mp4_01531.jpg
9
1 1073 205 1193 460 
1 40 352 85 431 
1 92 343 127 413 
1 319 255 402 398 
1 411 283 442 343 
1 517 258 561 354 
1 620 278 637 314 
9 206 346 228 369 
9 161 355 187 378 
tte_svm_rear_20170831_074826199213.mp4_04801.jpg
0
